s_eta = [0.01 0.01 ];
s_ll = [0.5 5 ];
s_ur = [1.5 6 ];

u_eta = [1 ];
u_ll = [1 ];
u_ur = [2 ];

W{1} = [5.855577588081359863e-01 -3.061995744705200195e+00 1.190030217170715332e+00 -2.024874687194824219e+00 -4.889591634273529053e-01 6.298200130462646484e+00 -3.835686922073364258e+00 2.145069360733032227e+00 -5.453205585479736328e+00 3.672183513641357422e+00 -4.010396003723144531e+00 3.296084642410278320e+00 -3.076825618743896484e+00 1.589694380760192871e+00
8.918100595474243164e-02 -1.567478775978088379e+00 1.332048892974853516e+00 -1.104368090629577637e+00 1.033926010131835938e+00 4.807707369327545166e-01 -9.750951528549194336e-01 1.364603042602539062e-01 2.493008852005004883e+00 -7.925136089324951172e+00 -4.197750568389892578e+00 1.771568059921264648e+00 -2.078949451446533203e+00 -6.851723670959472656e+00
-1.169810414314270020e+00 -2.657901942729949951e-01 3.941510021686553955e-01 -4.546183109283447266e+00 -4.962275922298431396e-01 5.184100151062011719e+00 1.873759508132934570e+00 2.237051911652088165e-02 2.036006927490234375e+00 -2.090074777603149414e+00 -3.899074077606201172e+00 8.972462415695190430e-01 -2.418484240770339966e-01 -2.009681940078735352e+00
-2.018396139144897461e+00 -1.615937501192092896e-01 -3.885830640792846680e-01 4.507481753826141357e-01 -4.703798294067382812e-01 -2.871174097061157227e+00 -3.430440425872802734e+00 9.616941958665847778e-02 1.007580518722534180e+00 -1.107378482818603516e+00 -3.296272039413452148e+00 2.665103077888488770e-01 -1.574956625699996948e-01 -3.288297891616821289e+00
-1.363538354635238647e-01 -2.822999656200408936e-01 4.300570785999298096e-01 2.355287551879882812e+00 2.981606870889663696e-02 -3.318555355072021484e+00 -2.091936111450195312e+00 1.745452582836151123e-01 1.220550313591957092e-01 -9.333303570747375488e-01 -1.979031682014465332e+00 3.509263396263122559e-01 -1.729304641485214233e-01 -4.277897357940673828e+00
-7.769833803176879883e-01 -1.298472052440047264e-04 -5.389906167984008789e-01 -7.175543159246444702e-02 -2.726985812187194824e-01 -3.326448798179626465e-02 -7.881591320037841797e-01 -9.829591214656829834e-02 2.178156822919845581e-01 -7.689660042524337769e-02 -3.273718118667602539e+00 -1.453853696584701538e-01 -2.244409471750259399e-01 -1.712903231382369995e-01
1.105315685272216797e-01 -1.907162219285964966e-01 -4.744467511773109436e-02 1.124202534556388855e-01 -3.115741908550262451e-01 -1.230943948030471802e-01 -7.633723020553588867e-01 1.175842899829149246e-02 -3.702780231833457947e-02 5.850349739193916321e-02 -3.424591779708862305e+00 -4.026032686233520508e-01 -2.692078649997711182e-01 -8.298946917057037354e-02
-3.910529613494873047e+00 -5.981491565704345703e+00 4.294446945190429688e+00 1.136911749839782715e+00 -5.751603603363037109e+00 5.695530176162719727e-01 4.343602359294891357e-01 1.976170420646667480e+00 1.495335698127746582e+00 -1.229775071144104004e+00 1.356107592582702637e+00 6.130389213562011719e+00 -6.537870883941650391e+00 1.797855615615844727e+00
-3.598799705505371094e+00 -5.948144912719726562e+00 5.194510459899902344e+00 1.130673766136169434e+00 -5.646073818206787109e+00 5.898193717002868652e-01 -9.300106167793273926e-01 1.938532114028930664e+00 1.705410242080688477e+00 -1.025325298309326172e+00 1.088707089424133301e+00 7.575503349304199219e+00 -5.878250122070312500e+00 1.684803009033203125e+00
-1.035375356674194336e+00 -2.900179862976074219e+00 1.402141451835632324e+00 -3.166369497776031494e-01 -5.475649833679199219e+00 2.789546251296997070e-01 1.133753895759582520e+00 1.608510613441467285e-01 1.935365945100784302e-01 -2.236183285713195801e-01 6.675344109535217285e-01 3.143748044967651367e+00 -3.195419549942016602e+00 3.923862054944038391e-02
-3.696947693824768066e-01 -1.540429472923278809e+00 8.920953869819641113e-01 3.922929763793945312e-01 -1.440907597541809082e+00 -1.658482663333415985e-02 4.540630877017974854e-01 -6.260698288679122925e-02 -1.366585254669189453e+00 4.449579119682312012e-01 9.111522138118743896e-02 1.991923213005065918e+00 -1.875669002532958984e+00 -2.067433446645736694e-01
-1.892429590225219727e+00 -5.453338027000427246e-01 2.351612329483032227e+00 5.059491991996765137e-01 -1.342152953147888184e+00 3.197776973247528076e-01 -4.704076945781707764e-01 1.439049243927001953e+00 2.788349390029907227e-01 -7.712956666946411133e-01 -1.505632512271404266e-02 4.467534422874450684e-01 -7.101312279701232910e-01 4.220062792301177979e-01
8.927112221717834473e-01 -3.942723274230957031e-01 2.076653718948364258e+00 -1.671161651611328125e-01 -8.205897808074951172e-01 -3.131684362888336182e-01 -3.221867382526397705e-01 -4.878346323966979980e-01 8.759778738021850586e-01 -5.389624238014221191e-01 1.317523121833801270e-01 3.932452797889709473e-01 -6.986790895462036133e-02 3.222093880176544189e-01
7.138770818710327148e-01 -4.061506986618041992e-01 2.096153259277343750e+00 2.776845991611480713e-01 -4.000829756259918213e-01 2.033177949488162994e-02 2.507527172565460205e-01 -4.411732554435729980e-01 6.683858633041381836e-01 -3.315941393375396729e-01 3.630386665463447571e-02 2.083872109651565552e-01 -4.123574867844581604e-02 -2.523196339607238770e-01
];

b{1} = [1.478346824645996094e+00
3.216317415237426758e+00
-2.171563625335693359e+00
1.512553334236145020e+00
2.038667917251586914e+00
-4.113938808441162109e+00
2.110317945480346680e+00
-4.250054359436035156e+00
-1.571945190429687500e+00
1.187117576599121094e+00
-6.369545459747314453e-01
-3.684996128082275391e+00
3.373408555984497070e+00
1.723941974341869354e-02
];

