s_eta = [0.01 0.01 ];
s_ll = [0.5 5 ];
s_ur = [1.5 6 ];

u_eta = [1 ];
u_ll = [1 ];
u_ur = [2 ];

W{1} = [-3.771223068237304688e+00 1.066725254058837891e+01 5.875473976135253906e+00 1.100883674621582031e+01 -1.345780086517333984e+01 1.542593193054199219e+01 -9.968079566955566406e+00 9.172062873840332031e+00
-3.268545532226562500e+01 5.049328327178955078e+00 4.072152614593505859e+00 2.944322204589843750e+01 -1.798514366149902344e+01 1.209602260589599609e+01 -2.882485389709472656e+00 3.100472211837768555e+00
9.764082431793212891e-01 1.451732993125915527e+00 1.831942558288574219e+00 -1.624993515014648438e+01 2.466299057006835938e+00 -2.437507152557373047e+00 -5.988085269927978516e+00 2.999394893646240234e+00
-1.296409225463867188e+01 8.719568252563476562e-01 9.266711473464965820e-01 -9.542055130004882812e+00 1.961078882217407227e+00 4.370644092559814453e+00 -2.467337995767593384e-02 6.125799655914306641e+00
-6.816364288330078125e+00 1.511525362730026245e-01 5.354701876640319824e-01 -4.548439502716064453e+00 5.651025176048278809e-01 -1.303151130676269531e+00 3.114746510982513428e-02 3.248177528381347656e+00
-3.335852622985839844e+00 1.114557757973670959e-01 -2.205315232276916504e-02 -5.507117509841918945e-01 1.040183156728744507e-01 -2.150295078754425049e-01 4.341719672083854675e-02 1.580563783645629883e+00
-1.123693466186523438e+00 7.568638920783996582e-01 -1.789105497300624847e-02 -5.619919896125793457e-01 8.073370158672332764e-02 -1.096888065338134766e+00 3.303104639053344727e-01 3.458223938941955566e-01
1.908187675476074219e+01 2.303565788269042969e+01 4.524492740631103516e+00 1.922080516815185547e+00 1.009537029266357422e+01 1.061779880523681641e+01 -1.140843486785888672e+01 2.080170059204101562e+01
2.747415542602539062e+01 2.228825187683105469e+01 3.818898200988769531e+00 2.259845733642578125e+00 9.206422805786132812e+00 1.105115413665771484e+01 -1.164641761779785156e+01 2.011944389343261719e+01
1.269943833351135254e+00 1.075320529937744141e+01 6.251064538955688477e-01 -1.806316947937011719e+01 -1.104362010955810547e+00 -2.547708988189697266e+00 -5.413315296173095703e+00 1.411090087890625000e+01
-1.493233585357666016e+01 5.193267345428466797e+00 6.438702344894409180e-01 3.126763105392456055e-01 -5.875393748283386230e-01 -3.469609022140502930e+00 -3.076752662658691406e+00 4.130943298339843750e+00
1.404377222061157227e+00 3.862993478775024414e+00 1.939268946647644043e+00 -2.558555603027343750e+00 3.571076631546020508e+00 4.325881302356719971e-01 9.306440502405166626e-02 2.784656047821044922e+00
-7.804388046264648438e+00 6.213131546974182129e-01 1.003457307815551758e+00 3.793174326419830322e-01 -1.612958461046218872e-01 1.823967099189758301e-01 -8.343735337257385254e-02 2.672115325927734375e+00
-3.408864498138427734e+00 1.057731583714485168e-01 3.878636360168457031e-01 1.160763144493103027e+00 4.805240407586097717e-02 4.106178879737854004e-01 8.564222371205687523e-04 1.593313694000244141e+00
];

b{1} = [1.280667972564697266e+01
-1.460562419891357422e+01
-1.803523445129394531e+01
3.255896091461181641e+00
-7.170381069183349609e+00
-1.460699558258056641e+01
1.123822402954101562e+01
-1.563139152526855469e+01
];

W{2} = [-1.165474033355712891e+01 -1.624493026733398438e+01
1.061539173126220703e+01 2.870307159423828125e+01
-3.743121719360351562e+01 -5.277096939086914062e+01
-2.577203559875488281e+01 3.087037801742553711e+00
-2.916097259521484375e+01 8.936584740877151489e-02
3.337380218505859375e+01 -6.257011890411376953e+00
-4.950015258789062500e+01 -2.802940940856933594e+01
1.230801486968994141e+01 2.438017654418945312e+01
];

b{2} = [-1.662868857383728027e+00
-9.573480606079101562e+00
];
