s_eta = [0.01 0.01 ];
s_ll = [0.5 5 ];
s_ur = [1.5 6 ];

u_eta = [1 ];
u_ll = [1 ];
u_ur = [2 ];

W{1} = [9.888411521911621094e+00 1.320563316345214844e+01 -4.925214290618896484e+00
5.067349433898925781e+00 6.496006965637207031e+00 -3.468064308166503906e+00
3.714256525039672852e+00 3.416682958602905273e+00 -1.930387973785400391e+00
1.009703636169433594e+00 1.844884157180786133e+00 -8.452697396278381348e-01
6.234716176986694336e-01 9.037978053092956543e-01 -9.672788381576538086e-01
8.604664355516433716e-02 4.284261763095855713e-01 7.482707500457763672e-02
9.756500273942947388e-02 1.954286992549896240e-01 4.243513941764831543e-02
1.785066962242126465e+00 1.849936294555664062e+01 1.006393432617187500e+01
1.638799309730529785e+00 1.889256477355957031e+01 9.882982254028320312e+00
7.962560653686523438e-02 1.229423904418945312e+01 8.544000625610351562e+00
7.643777877092361450e-02 6.129419803619384766e+00 8.102021217346191406e+00
1.629748791456222534e-01 3.182376384735107422e+00 7.568463325500488281e+00
1.431594491004943848e-01 9.739402532577514648e-01 2.285451889038085938e-01
3.640992566943168640e-02 4.296248853206634521e-01 1.495834290981292725e-01
];

b{1} = [-1.869226837158203125e+01
-1.747711563110351562e+01
6.116315722465515137e-01
];

W{2} = [-3.817939758300781250e+01 -5.977702140808105469e+00 2.241003608703613281e+01
1.956287175416946411e-01 1.292331886291503906e+01 -1.952451515197753906e+01
6.457800388336181641e+00 -2.823090553283691406e+00 1.777238845825195312e+00
];

b{2} = [-3.850730895996093750e+00
-7.390212535858154297e+00
1.180721950531005859e+01
];
